Top 50 WORDS pushing TOWARD 'phishing' (dataset) (name	total_abs_ig	total_signed_ig	count)
security	91.989944	83.161250	899
will	80.104838	74.654574	1052
email	106.103382	65.918508	1727
regards	87.893570	63.760766	744
account	132.899430	57.281244	2577
hope	58.802029	57.021800	479
payment	61.070071	55.534553	570
tax	49.702178	49.601519	173
invoice	52.760870	46.800457	157
messages	43.903289	43.306734	420
information	53.005205	42.116270	933
matter	41.966852	41.365976	236
mail	44.466575	37.666197	556
customer	39.934608	37.457679	448
emails	37.441713	35.849860	273
message	36.300053	34.237550	529
wetransfer	39.784782	33.781667	138
best	35.252786	32.634082	475
name	32.498928	30.602694	243
attention	31.853287	29.496194	297
netflix	28.669333	27.511183	175
have	48.215151	26.977828	1281
financial	35.618888	25.293416	487
prize	25.154250	25.019560	168
below	28.461851	24.699532	692
hi	25.089233	24.609771	145
not	35.722029	24.609569	828
any	38.219617	24.493838	750
prompt	24.708761	24.399866	140
link	36.814992	23.272221	1197
verification	30.811774	22.333189	464
com	46.818291	20.883583	1203
password	26.609699	20.503445	288
system	21.332489	20.001433	221
expire	20.489766	19.615705	66
don	22.175404	19.595906	242
files	20.871596	19.544515	198
do	23.952328	18.733187	500
team	28.807949	18.595122	553
server	20.083679	18.530527	225
michael	20.610836	18.513866	132
questions	19.871697	18.351769	232
document	18.289911	17.702786	209
click	29.186232	17.352926	931
unusual	17.322907	17.164710	79
if	31.628668	17.042267	772
result	17.091376	16.976553	177
sincerely	18.444801	16.709998	190
following	18.980036	16.691703	409
dear	108.716068	16.679570	1148